Pos	Neg	ID	Text
1	3	432765859962970113
1	1	364804928964800512
1	1	417142922203525120
1	1	421189459703394304
1	2	421906328882118656
2	2	422852293193502720
1	1	417150706924421120
2	2	416811590218829824
1	2	437840809652523008
2	1	433839277814726656
1	1	275705313905229824
1	5	430504459550982145
1	3	431274640942440448
2	1	347040145515626497
3	1	429077662280085504
2	1	432182786296782850
3	2	435892402234982400
1	2	431293530980753409
2	1	437291305987633152
2	3	425124356860026880
2	3	429102189416427520
3	1	424420573498724352
2	2	429122078248169472
2	1	438938146898579457
1	1	421922642799497216
1	2	418874995029192704
2	1	425757808416419840
1	1	438155080521359362
2	2	422851892377440256
1	1	432767022242340864
3	1	432746334588661760
2	1	308742800298610688
2	4	294194843540922368
3	1	438125036348522496
2	3	428404004410761216
1	1	434189307931148288
2	1	431126770733948928
1	1	432763905455042560
2	1	436346989241176065
2	1	435448005005565952
2	1	417480532016918528
3	1	435313585149857793
2	2	432700580369145857
2	1	422140196428054529
1	1	415955172234240000
2	2	422899896082243584
1	3	414929917189451776
1	2	420946220635283458
2	1	418998894735798272
3	1	422636132602372096
1	1	431221030221144064
1	1	432939692367937536
2	2	427696849252663296
1	1	435910665744551936
1	1	436058713120444416
1	3	292058403587620865
1	1	293411367585710080
3	2	433095502918197248
3	1	430121200702865408
2	3	433223935195234304
1	1	418333566917816320
2	1	436766182406758400
2	1	420102315933057024
1	1	430767736445104128
2	1	416488785753300992
2	3	431274289523068929
5	1	422609023997722625
2	1	435856775489671168
1	4	433783939082096640
3	1	429456868553945088
3	1	435568143419711489
1	1	425462772239847425
1	2	293522382541447168
1	1	424362513107406848
1	2	422743172087681025
3	1	411210103074078720
1	1	432213759348580352
3	1	302124234115796992
1	2	421412338982322176
1	1	276420274260422656
3	1	314418731033956354
1	3	425126910071672833
1	1	423221190057263104
3	1	420082603027218433
3	1	426869110786367488
1	1	365550056629207040
1	2	417692091360481280
3	1	433410899861192704
3	1	413016945470881792
1	4	301014746247880704
1	2	365517170140127233
2	2	439182342007955456
3	1	428694741564157952
4	1	435325228189622275
1	4	418055606717538304
2	3	420102609739866112
2	2	427913185836818432
3	1	426794025249538048
2	1	418352703484358656
2	1	431631637961404416
2	2	421906770928205824
3	1	425134729344462848
1	3	437974457521426432
1	2	423105141416271873
3	1	425846003942428672
1	3	432785265673793536
2	1	430939788485484544
1	1	424719560009199616
1	3	307506984993820672
1	4	437310957539184640
1	2	426722137362014208
1	2	354350471760199681
1	1	439974949441110016
3	2	427142311206604800
2	1	297035180026236928
1	1	437612621793988609
1	1	304266998068699137
2	1	423103681362284544
2	1	350300428291932160
1	2	422877677574311936
3	1	430495018982195200
2	1	434372116205416448
4	1	423528038635016193
3	1	293406301902479360
1	1	380339954997403648
2	1	299240456116637696
4	1	345269523202596866
1	3	432552850451726337
2	2	423536282619240448
2	1	438904171962445824
1	1	435323252097835008
1	3	436707612478824449
1	2	288333843612704768
3	1	429462609151012865
2	2	438076092813832192
3	1	420081806839255040
1	5	434440152253886465
1	3	287242506578579457
4	1	416044943732256768
1	2	436414560182865920
3	1	424976937933479936
4	1	284010217103052800
2	1	293171443863281665
1	1	309384309209440256
4	1	429878495531905024
3	1	417823642634833920
1	2	435317487022780416
1	1	428027718056177664
4	1	301726041003683840
4	1	416231124491173888
4	1	436718974751883264
2	1	431829869974921216
2	2	436409792106491904
1	1	418333433492811776
2	2	308974454615183361
1	2	423998838743916544
1	2	301439267232694272
1	3	431663721039933441
2	2	412420963431497728
4	1	437817721799983105
2	1	429457825580863488
2	1	296348628941938688
1	2	420423564475375617
2	1	293501737787080704
1	4	427829032894226432
1	2	414929005498732544
4	1	431271696088449024
1	4	294114816891695104
1	1	435469168297533440
1	1	301118760046166016
3	1	435228450744320000
1	1	431799920098439169
2	1	424231202426351616
1	4	428946931818041344
4	1	350218039372943360
1	4	435320983822409729
1	4	421922819094482944
1	1	290894785068298241
1	1	431636224923541505
3	2	430930079669968897
1	3	435511906527244288
1	1	275778301153378304
1	2	347382422243008512
2	1	433066662246367232
1	1	352444497742938113
2	1	430545411179163648
2	1	423820418470797312
2	2	286964949761265665
2	1	436383949246316544
1	1	430384495955415041
1	1	413106998150823936
2	2	426187828834598912
3	2	428027553354223617
1	4	425319704924680192
1	3	309773789053476864
1	1	436739291427770368
2	1	276763784209653760
1	3	327435669276344320
1	1	422948955702321152
2	1	432609853765197824
1	2	329771196130414592
2	1	439034265456488448
2	1	300993162292387840
2	1	438118316779925504
1	1	418202529021710336
1	2	424462895515041792
1	1	355126083982606336
2	1	423240699484442624
5	1	433059150818336768
2	1	436562619025985536
2	1	425344386797281280
1	2	349215711333318656
2	1	437321353314582528
1	2	419000704632508417
1	2	421311317618597888
2	1	427659985527390208
1	2	420461808508366848
1	1	417423843121037312
2	1	439419667170344961
2	2	431676139250020353
1	1	280747321694756865
1	3	435923359860543489
2	1	432744261428060160
2	2	428036341675606016
1	3	281477954213650433
1	1	418072534542602241
2	1	433757078985773057
2	1	421771328408928256
1	3	431650649000771584
1	1	433817555774365696
4	1	425110416977440768
1	1	428042461798092800
1	1	432553606265311233
1	1	439261996223967233
1	2	424000757264683008
1	2	341963481853091840
1	3	365565661323345921
4	1	398604973627305984
1	3	307199652581748736
1	1	433721632624889856
2	1	306557812140539905
2	1	423241052523200513
2	1	295213635624640513
2	3	417504702587105280
3	1	412770975977992192
2	1	439579019156008960
1	3	430692338998837248
1	1	432940213673811970
2	1	425781688342282242
3	2	432640491373355009
1	1	390937599549788161
2	1	429025463629922304
3	1	417088399548219392
2	1	301472437156081664
2	1	425783264666591232
1	1	436589588413313025
5	1	286962775429873665
1	1	432340208722247680
2	1	432043120620883968
1	1	419004765465346048
4	2	425477183306354688
2	2	434986075514085376
1	4	436903619007238146
2	1	302154377228066816
1	1	289507857144115200
1	1	355089111780032512
2	1	430750121152618496
1	4	432575166648832001
5	1	418517011292233728
1	2	423536480602963969
4	3	428173302327017473
1	2	354605049390956544
2	1	299565593626046464
1	2	296618731008847872
2	1	295940203967827968
2	1	291715825294012417
1	1	314386192701456384
1	2	437743508984573952
1	1	431836504550162433
1	1	431131840133337088
1	2	434130253837918208
2	2	422280492210085888
2	1	426013634787938304
1	1	434984502314536961
1	2	299292615793319936
1	4	427899117239820289
1	2	300992837242212352
2	1	304988842782498816
1	1	423551921211715585
1	1	438127121530388480
2	1	437485030554619904
3	1	422443657652752384
2	1	422299913318191104
2	1	423325699395448832
2	1	427662043563298816
3	1	418071830398631936
4	1	424770194171363329
3	1	432751745626681344
2	1	430367471753654272
1	1	427584725947908096
4	1	434831670047281152
1	2	321665351865741312
1	1	416044746684256256
1	1	434181576025313280
1	1	418181704063262721
2	1	423276775804645376
1	3	433042032399888385
3	1	430582037888507904
2	1	415698598664232960
1	3	332177316077772800
1	1	332548503320526848
2	3	428694489725546497
2	1	436898531534573569
1	1	344976054122868737
2	1	314052272244019201
1	1	423533200426557440
1	2	432708344885686272
1	2	440003070403940352
1	1	415194795267481600
1	1	432337315818520576
2	1	408675949807288320
3	1	439649452379217920
1	2	311209694716899328
1	2	439810791714197504
1	2	279274424878899202
3	1	425456425188347904
4	1	440239232682967040
3	1	299158083123437569
2	1	398479143236427776
2	2	435161207599673344
2	1	415682192702849024
4	1	417892376590286848
4	1	437137929337442304
1	1	416010258658500608
1	1	432742557856968704
4	1	437786277052547072
2	1	406124323334664192
3	1	422629851980263425
2	1	423142708723462145
1	1	332213876491972608
2	2	426223182308069376
4	1	431683674774310912
1	3	438518983868686336
3	1	414176293467340801
2	1	329156261784469504
2	1	423513728248598528
1	1	293357917632086016
1	2	438008049400176640
1	1	425108289097977857
2	1	420014671408529409
3	1	435587940895305728
1	1	430769459561631744
1	1	398493750332112896
4	1	430497244857397249
4	1	422290588528959489
3	1	429116179735527428
1	1	429120989583007744
2	1	432645717417414656
2	1	422853743894216704
2	2	434946199620050944
1	5	345595984283324416
3	1	308610655374692353
1	1	423916696315785216
2	1	281412820891996160
2	1	433829456566693888
1	2	430799431672143872
1	3	417142561816326145
3	1	427627260816805889
1	2	280845910878060544
2	1	431251440355381248
2	1	432812880317001728
1	1	435854790765973505
1	2	341601108327800832
2	1	438137599094292480
1	1	418808526664769536
2	2	420303481757769728
1	1	428884669916925952
1	2	296669897797271552
2	1	423518783421296640
2	1	438013679611564032
1	1	420810336128606208
1	1	293582378532761600
1	1	438153854790541312
1	1	423517900125650944
1	1	431168944959791104
2	1	432887570880397312
1	2	414780353899814912
3	1	350650023383539714
1	1	434978936909344769
3	1	430562511633412096
1	2	299635575143669760
1	2	420463899675074560
1	1	292039761684725760
1	2	276027979442831360
1	1	432340869065101312
1	3	435331276493426689
2	1	420673927589789696
1	2	430455837316767744
1	1	437999615917318144
3	1	299003469224886272
1	1	433066494352556032
1	1	427110446559019008
1	1	417694140785119232
2	2	341758890368716801
1	1	429118274161221632
1	3	438377062215073792
1	1	416046328041709568
2	2	439212531635068928
1	1	309698492744491008
3	1	355037922073903104
1	3	430204606769938432
1	1	430201347539869697
1	4	426849432361914369
1	1	429776513810968577
4	1	424413053849833472
1	1	433699622293229570
1	2	412771095805063168
1	1	424976484441133056
3	1	437281681402114048
2	2	430530120957194240
1	3	433314726232076288
1	1	437661681414447104
2	1	426226926999453696
3	1	408766639073554432
1	1	306084042938392577
1	3	425449701127639040
2	1	413199917205565440
4	1	297099260065894400
1	1	419892461792526336
1	1	435963715351871488
1	2	276054036619337728
1	2	429710273063038976
1	2	435167337411407872
1	1	423545529021530112
1	2	354717946075025410
2	1	428355149107458048
2	1	433069812592283648
1	1	431930748094799872
1	1	433295572275957760
2	1	428551260506054656
1	1	294202216078782465
2	1	435305170734292994
1	1	281415362745081858
1	2	341692789865738240
4	1	431615882448478208
1	1	424361959945801728
1	1	387470581534572544
1	4	303606838019104769
1	2	344838631971770369
4	1	433834711610191872
1	2	426202054780919809
1	1	428352171386474498
3	1	433364010411376641
3	1	422950914853330944
5	1	432410731389009920
2	1	436583578168602624
2	1	438699460437094400
1	2	431616816784240642
2	1	439667205261623296
1	1	435322371918921728
1	3	421150445713620992
1	2	431299163788034048
1	1	321307442996707328
2	1	429116940443873280
1	1	302090219228889088
1	2	420462181092573184
1	2	431250286158438401
1	1	309437443826929664
2	1	417697190350303232
1	1	439417856879759360
1	1	418502305445445634
1	1	422877433776205824
1	1	313728276344479744
2	1	439422517325733888
3	1	422801716874977280
2	1	422868422804774912
1	2	423532655565484032
2	1	430494715880800256
1	1	428596342420553728
1	1	434985780558045184
2	1	419004026626138113
2	1	433820732473098240
2	1	430329965020594177
2	3	426791803107307521
2	1	415961492832264192
1	1	421191540346585088
1	2	418964575581503488
1	2	440223934797996032
2	2	423349407497457664
1	1	424291165764980736
2	3	432762879524077568
3	1	440392688928432128
4	1	292328644431474689
1	1	411308410953400320
1	3	284389372638408705
2	1	413156774779158528
1	1	419002410959245312
2	1	439249901776412673
1	1	294155327870496769
3	1	415900932736421888
1	1	430491295958581248
3	1	426147819158646784
1	3	422847686895628288
3	1	301465677536055297
1	4	421154875506831360
2	2	428037809228627969
2	1	418431990426112000
2	1	431409693215322112
1	3	306784665828732928
1	1	293577062357286912
1	1	292421156403814400
1	1	421465240862085120
1	1	428365544782168064
2	1	428287421717811200
1	1	428743968080154624
1	1	424365136418070528
2	1	297050918254411776
2	1	424461906158419968
1	4	418518746479591424
2	3	437060564049608705
3	2	433100524166995968
3	1	413028772053385217
2	1	432765451718778880
1	1	289388419048677378
1	1	414916179229028352
2	1	439898729139552256
2	4	431552779275223040
1	3	427541588273680385
2	1	428307688078843904
1	1	437494818365644800
1	1	430224898951094272
1	1	431416137742426113
1	1	422173762750922752
5	1	419522464687747072
1	1	408770984364097536
1	1	422863811146563585
2	1	436893168337174528
1	1	422892441302093825
1	1	428403194842988545
2	1	427660300762890240
2	3	418990860731043840
2	1	276123583779061760
1	1	431626081909497856
1	1	433321778778095616
2	1	438119748455251968
1	1	419000008994590720
1	1	436717980001386497
3	1	416627283126808576
1	3	341619176605089793
2	1	435449498718834690
1	5	439419811626774528
4	1	436283410483384320
2	2	432573280566792193
4	2	422950027330211840
2	1	299613335400370176
1	1	438360815901503488
4	1	425493183858896897
2	1	418154466567667712
2	1	424458074829492224
1	2	429812620741603328
3	1	422552986976391168
1	1	364859905745752066
2	1	430214224984285184
1	1	426947283746177024
2	1	350320391371227136
1	3	431625423600898048
1	1	431519165363404800
1	3	424246919255179264
1	2	432751011694784512
1	3	434169681151152130
1	1	428350140173152256
1	3	350408085359177728
2	4	431248071159062528
1	1	439422406210621440
1	1	438918172209459200
1	2	434925202338627584
1	3	345318979918774272
2	1	423855912336777216
1	2	435219023219785728
1	4	432589071488000001
1	2	420771044006178816
2	1	433833843678662657
3	1	429502431844511744
1	3	429827768055242752
1	3	415512632557187073
1	3	439847064558510080
1	2	430142166438903808
4	1	413838480712552448
2	1	431679027451932673
3	2	416417387663998976
1	1	296383470610030592
1	1	436286379824144384
2	1	432766559560282112
1	1	426513312386281472
2	1	431678013835464704
1	1	423567326508625920
1	3	299259758639210496
1	1	433084028267159552
1	1	437251958768820224
1	2	418991166667759618
1	3	413477921320210432
1	1	427305478071152640
1	1	424977148068126720
2	1	306858532681170946
1	3	425354860481892352
1	3	422913994995683328
1	2	436700112614473728
1	1	327522800472584192
1	2	424753398794027008
1	3	422233970621706240
2	1	437835198957252608
2	1	432727805646761984
1	3	424043198042755072
1	3	306472510902394880
1	1	427584800363261952
1	2	352846713402310657
1	1	437729300729434112
1	3	431664968975400960
3	1	438138697792241664
1	2	438682649217888256
1	2	423600739290603520
1	3	312295114900910081
1	2	439645363952033792
2	1	424428486820769792
1	1	412390870474715136
2	1	428645215562252288
1	1	436247496939941889
2	1	430578804675727360
1	2	432425446324436992
1	2	311981787167469568
2	1	425702764304277504
1	3	415548344786624512
1	1	433654134466547712
1	2	418081253120688128
2	1	418197102011744256
2	1	319204740607135746
3	1	302106151485587456
1	1	303671852746801152
1	1	432183966796234752
1	2	420613445747089408
1	2	412042066521120769
1	3	408032877234749440
1	1	415217580954353664
1	1	423463730077114368
1	2	430925950964871169
1	1	432573229157203968
1	1	289413925240467456
2	1	439648761925472256
2	1	433097628805369856
2	1	422899966584324096
1	2	298485872024756227
1	1	380033466961645568
2	1	430436376119504897
1	2	435138721898184704
1	4	420321268131323904
2	1	329837213028335616
2	2	425475748900515840
1	1	432695652892422144
1	1	438238485950889984
1	1	428172895945097216
1	1	413520636146094080
1	2	433971687906746368
1	3	349233049231294464
2	1	439285836199100416
1	1	421658811997241344
2	2	439095464311275520
1	4	411233049792086016
3	1	299557087778844672
1	1	422841507310100480
1	1	431465307358523393
2	1	355001323613196288
3	1	431160114402164738
1	1	435865336210927616
1	1	424455882563272704
1	1	438542269684006912
1	1	432341262444658688
1	2	275687111926104064
3	1	439425513673601024
1	1	278905970778861568
2	1	430881826551234560
1	1	281437403267358720
1	2	415700770604859392
4	1	417086714050392065
1	4	420944472952676353
1	2	432728001340387328
1	1	301734795942191104
1	3	415953914249216001
2	2	424699974614392833
1	1	424227616090882048
2	4	427698524927434752
1	1	437282370794700800
2	1	432757853581889537
2	1	347362543284678656
1	2	438135587304775680
1	1	420771342091165697
1	1	296259220951687169
1	1	438129828701560832
1	1	431627808213721090
4	1	316621718829551616
1	1	430957918444605440
1	1	294497848752476160
3	2	426368934091030528
2	1	435903556487360512
2	1	414910181923762177
3	1	437097761121370112
1	1	440240478429011969
1	2	439418757052911616
1	2	291578286432202753
1	1	278242211446026240
1	1	278207522026962945
2	1	418999007206055937
1	1	421484544085078016
1	1	432727401492008961
2	1	421402404811075584
2	1	420597953103798273
1	2	311459413720432640
2	1	422261077007548417
1	2	284405534893936641
3	1	429463858726449152
2	1	421922913499873280
2	1	413008067928678400
2	1	432257585207468032
2	2	306135055502290944
2	1	435306277296558080
1	1	433819986134450177
1	2	432202467393032192
2	1	420081135649972224
1	1	418991234007314432
1	1	422751784168202240
1	1	299192064015470592
1	2	417823602554052608
1	1	331793001871446016
2	1	437523262231154690
1	1	307216331294507008
4	2	432413052638478336
2	2	369494310565060609
1	2	423306811811188736
1	1	304619024506032128
2	1	440232799434334208
1	2	414872435289100288
2	1	308743066330750976
3	2	427840099422724097
1	2	349948244878565379
1	2	291207970287648769
1	1	438136383345946624
1	1	423479885680496642
3	1	433840363258671104
2	1	290874321658843138
2	1	422972254536753152
1	1	380068734364176384
2	1	425780964736782336
1	1	423272844751953921
1	1	296005477232410625
1	1	432741410005995520
1	1	436903257101721600
1	1	303531998323040257
1	1	345284930642776064
2	1	431291783101034496
2	1	421148953476751360
2	1	422287736351903744
1	1	433445066816770048
1	1	432644782637064193
1	2	350633333098688515
1	2	280729883523563520
1	1	429032460936941571
1	1	309063747429859328
2	1	417733105525350400
1	2	439254369121222658
1	1	431277509167312896
1	2	426940817593229312
1	1	421366196483538944
1	3	329118842657861632
1	1	438414008295514113
1	1	413374964436185088
1	1	425109502078103552
1	2	416450098319466496
1	1	292397378382725121
2	1	431070671582425090
2	2	372817614721937408
1	1	431626358507073536
2	1	434983852423913473
1	1	416805558465740801
2	1	421872285448818688
1	2	439505037136777216
1	2	428598657412128768
1	2	419603456123363328
1	1	437512825812946944
4	1	421423623551729664
2	1	291634256906711041
1	2	435617458322280448
1	1	437322730052935680
1	2	278959835624652800
1	1	431431165908512769
1	1	431875005324877824
1	1	430745945320341504
1	3	428198704277766144
1	1	439964956012724225
1	1	306066145272791040
1	2	327467835557302272
1	1	289396566593241088
3	1	439226346586128384
1	1	341638485704335360
1	3	427900101424472064
1	2	286521464469983232
3	2	422298495244976130
1	1	421152988313288704
3	1	433489700867686400
1	2	337586320576757764
1	1	426003964543262721
1	2	439252855329787904
1	1	418931807665414145
1	1	438121527918473216
1	1	314071449168134144
1	2	425461611701088256
1	1	431132025408327680
1	1	341758111251566593
1	1	417328475771387906
1	2	439251018434355200
1	1	293803918553649153
2	1	365605737461858305
1	1	425458002192117761
1	1	423101178021298176
1	1	296299407882743808
1	1	423111333077200896
2	1	415948731595243521
1	1	430134092894834690
2	1	437433255369793537
1	2	432767130837467136
1	1	328993391482372096
1	1	302165062376898564
3	1	421773627269206016
1	1	438118741545467905
1	1	435963153612939264
1	1	288647310127280128
1	3	428035792930213888
1	1	434203459252789248
1	2	422628689310789632
4	1	426814670121365504
2	1	423518393631653888
1	3	431643709529010176
1	1	439849717971705857
1	1	428018632551976960
3	1	428613323525869568
4	1	296472382124740608
3	2	425493117601472514
1	1	440220714063241217
1	1	432180674133364737
1	1	352881539677298689
2	1	431470958352662530
1	2	436003657750822912
1	1	432257826149240832
1	2	327452295585488896
2	1	421154493602877441
1	1	439810966910287872
2	1	438146052256829440
1	1	422625337080426497
1	1	430567404242874368
1	1	416285299342204928
1	3	414515424105988096
1	3	301773896871452673
1	1	437819540307582976
2	1	438134769012838401
1	2	423132884593963008
3	1	428650982075936768
1	1	438074618713096192
1	1	428335287551283200
1	1	427632935542325248
1	2	432761077684633600
3	1	416475225702690816
1	3	429484729000148992
1	1	439655084167671809
1	1	418825950030082049
1	1	276431027738652675
2	1	423533798764974080
2	1	433757846228844544
1	1	435316240379166720
1	1	437310171421765632
1	1	352933808556879872
1	2	439417646967447552
1	1	429123540952961024
1	1	432425072536465408
1	1	430097207107153920
1	1	428377693374013441
1	1	419002527388938241
2	1	434984299637374976
1	1	435819784106557440
1	1	416802884475297792
1	2	419031490412822528
1	4	426364066949378048
1	2	432754746701541378
1	1	281511015957532673
2	1	439847272554049537
1	1	418345233089167362
1	1	312240781362601984
3	1	416813700712890368
1	1	431418485290196993
2	1	436731399500881920
1	1	281414761374175233
1	2	422849830180757504
1	3	430174059247050752
1	2	421816938176585728
2	1	306916133481623552
1	1	419503020133462017
2	1	431877888443289600
1	3	412375254351101952
1	1	431436318350921729
1	1	344539852991246336
1	3	420945923053596673
1	2	415724274096152576
1	1	420673986574311424
1	1	424729026955988993
2	1	420464664963604480
2	1	426717832655556608
1	1	430924558678245376
1	2	298934121621757952
1	1	418186659998351360
1	3	287258075512053760
1	1	357510855849558016
1	1	422867976874774528
1	1	431630596645720065
1	2	414688511741018112
1	1	332195389170143232
1	1	425743684412252160
1	1	303551710104784896
1	2	280762368739405824
1	1	432197653166710785
1	1	423133212307517440
1	1	312275029515726848
2	1	417071703202623488
1	1	344523201721794560
1	1	432918573422358528
1	2	422797380568616961
1	1	304350626178011136
1	1	423933757742006272
1	1	393415288315604992
1	1	435972735739510784
1	1	420413911058223104
1	4	398497990827974656
1	3	428270070918164480
1	1	440008636203421696
1	2	412781365625503745
1	1	303639761728462848
1	2	298610920836444160
1	1	427535603169624064
1	1	276086636775895041
2	1	425677314194558976
3	1	425495370974519296
1	1	309350037039771648
2	1	423602809842319360
1	1	299207447774646273
1	2	422422570244136960
1	1	431616901102317568
1	1	422883502082637824
1	1	437433594747711488
1	1	436242493785403392
1	2	421486271249133568
1	1	432613839645839360
1	1	432874249808658432
1	1	327541560675803136
1	2	423327021624590336
1	4	425123316555190272
1	1	380411314889179136
1	1	420589565116555264
4	1	435077763448307712
1	1	437952870537629696
2	1	440218478541168640
1	1	425341851378274304
1	1	433749606799646720
2	1	425770635294302208
3	1	422302423261011969
1	1	309368466828320768
1	1	284302357813133313
2	1	422976025140535296
2	2	337234658687336449
2	1	301068943018303488
2	2	424574019283582976
2	2	434174909388836865
1	2	438530581052133376
1	1	434200005507686400
2	1	423227579877703680
2	2	436331150231863297
1	1	430890652264443904
1	2	304717630198128641
3	1	429787689408532481
1	1	431237144515207169
1	1	429874246014083072
1	1	430490759804903424
1	1	354658133693575168
1	1	428740905881718784
1	3	337641126708269056
2	2	428328695829237760
1	2	421155482573611008
1	2	424720036872196096
1	1	313743335502262272
1	2	432767958545211392
1	1	424225602774646784
1	1	420081470644838400
2	1	424717252126969856
1	1	420460310827253760
1	1	294184620461813760
1	1	434545188304736256
1	1	432312374742114304
1	2	412375463370055680
2	1	332528281297510402
3	1	417139653662093312
2	2	428027737316392960
1	4	435086362442600449
1	4	423477994854690817
1	2	421154352011546625
2	1	408788255920754688
2	1	435849822537400320
1	1	426868590491336704
2	2	423178813472645120
2	1	432920420317020160
3	1	428018954934566912
3	1	426191277139709952
3	1	334859486403645440
1	1	438315703972532226
1	2	424717730709643264
2	1	433049585917767680
1	1	424359527882817536
1	1	424363094010122240
1	1	423526534092029952
1	1	329101840807514112
3	1	437300413285400576
1	4	425320180068392960
1	1	426147259776901120
1	3	428740331295612928
1	1	434985168336470016
3	1	433825410887864320
2	3	425488277009727488
1	2	390852972042678272
2	1	429320429409292288
2	1	425470367470084097
2	1	432572411519586304
1	2	403618811795890176
1	1	437823115934961664
2	1	433843103401644032
2	1	438016616291237888
1	1	352865721266618370
2	1	440219412314873857
2	1	427943259025842178
1	1	416015789641039872
2	1	437487457110462464
2	1	430496268658278401
2	1	409195243251068929
1	1	432761371290136576
2	1	429655372937175040
1	4	419501820004679682
1	3	422940771164360704
2	1	427544090880643073
2	1	435511087685849089
2	1	276763641548771328
2	1	422999823294267392
1	5	434812727479910401
1	1	304369166910111745
1	1	304301790214623232
1	2	401929473219493888
2	1	427651903527194625
2	1	424482631711862784
2	1	431638658236420096
1	1	425486604686209024
1	3	418131729291816960
1	1	435976010077446144
1	1	286505224221384704
1	1	430358586934300673
2	1	425452598921924608
1	1	438123728803618816
3	1	418432088879026176
1	1	428039812138811392
1	1	432216986735501313
1	1	294151770089852928
1	2	316602830142185472
1	1	279287909218148353
3	1	435323514678038528
1	1	429018483410472960
1	1	296130004746641408
2	1	427638265944883200
1	1	433441552698855425
1	1	439969113234890752
1	1	430153935563681793
1	1	432878654645760000
1	3	436991209962078208
2	1	419000088992555008
1	1	425866423076810752
1	1	432029335948505088
1	2	430200322389061633
1	2	324226534321827842
1	1	430324327636942848
2	1	427619444693544960
2	1	432389337062199297
2	1	293342781827584000
1	1	301755067814514688
1	1	428032419334078464
1	1	293736618295181313
2	1	421774543078686720
1	1	289180813893971968
2	1	432584194162581504
3	1	435336151071600640
3	1	425723453346304000
1	1	431289956527398912
2	1	420599007052718080
2	1	293501348782161920
1	3	290929491612663808
3	1	422635336754139136
2	2	429122992925208576
1	2	424359898483146752
1	1	420083639221620736
1	1	418605179890450432
1	1	438119403490902016
1	1	435806322236215296
1	1	294169477338259456
1	1	434984782397575168
1	1	433630349747175424
2	1	423203412012855296
3	1	425342796283654144
2	1	428676952233222144
3	2	431278243229216769
2	1	291998990776557568
1	3	430744599447891969
1	1	423239371173531648
3	1	436745417926012928
1	1	280777695053348866
2	1	436731599237832704
1	1	431618308354220033
3	2	422282443970707456
1	3	423995583301287937
2	1	403701677716275200
1	1	431627089251274752
1	1	417776871799926784
1	1	304686745151213569
2	1	311497352680710145
1	2	431294094149955584
1	2	431270559780200448
1	1	397511406955675648
1	1	420936742057689088
2	1	401482105160355840
1	1	390869927835348992
2	1	436552786570792960
2	1	288702545164124160
2	1	420948008562212864
1	1	432337467891400704
1	1	428346251130597376
1	1	436963995811983360
1	5	393441119557517313
1	1	432939386666102784
1	1	431631206317576192
2	1	435984576834306048
1	1	422905151603503105
2	1	436561214312030208
1	2	298522535547527168
1	1	426763727224840192
1	2	425769457730846720
1	1	416393584087011328
2	1	296349542658502656
2	1	418432931044917248
2	1	420948097770848257
2	1	417903680428326912
2	2	435641833415114752
3	1	434669049386004480
2	1	426187951375392768
1	1	339471498530136064
1	1	435925033719173120
1	1	408674898182037504
3	1	440280676659494913
2	1	436719260962791424
1	2	306488698000797696
1	1	418362925732995073
1	1	431252928092196864
1	1	436991883274121216
1	3	430693578524725250
3	3	431629830598062081
1	2	284373187398082560
4	1	422848166975635456
1	1	301419740352626689
1	2	431686187875454976
1	2	413477680495869953
1	1	431880408276275200
1	1	303568090451562496
1	1	428949038885388288
1	1	435322727704973312
1	1	412357981884665856
2	1	436289595358326784
3	1	436287419642830849
1	3	414676633551785985
1	3	429758527209345025
1	1	293786604143775744
1	2	424576440147800064
1	1	357871617478635520
2	2	428354027017883648
2	1	421792080550039552
1	2	438553766996873216
1	1	280712375517192192
2	1	428694600601964544
1	1	423858199129624576
2	1	349552073056067584
3	1	432571996585476096
3	1	428035554576322560
1	1	430493753615196160
1	1	438839985546883072
2	2	438790453790396416
1	1	301351465199484929
1	1	436047463569313792
1	1	421005423735762944
1	1	428674929051975680
2	1	432645928999059457
4	1	323921823353958401
1	1	414680833459355649
1	1	288303659719196672
1	1	286611569251581952
1	1	434979422123225088
1	2	324158000552103937
1	2	295936989436465152
2	1	434375067460313088
1	1	435334874157703169
1	1	420603479124475904
1	1	435966590287241216
3	1	427633875959820288
1	1	390921027372322816
1	2	437649147768754176
2	2	440331069028433920
1	1	350268002169651200
1	2	304634147622752256
1	1	428394667701309440
2	1	420769805348515840
2	1	430557700078841856
1	1	423585450884726784
2	1	425759262258642944
1	1	418964461437730816
1	1	380488625068056576
3	1	431292515824992256
1	1	416483060498976768
1	2	419353674888925185
2	1	438144993581350912
2	1	436778928464609280
2	1	296335653489221632
1	1	433845753308385280
1	2	432644744783462400
1	1	423498603848425472
1	1	390890079851249664
1	1	429867693118722049
1	1	419870829917110273
2	1	432866362080247808
3	1	423517614183161856
2	1	345232237786185728
2	1	365585901033758721
2	1	276730656556449792
2	1	431315082392264704
4	1	435586826246451200
1	1	301138585711702017
2	1	424411848759582720
1	2	421310956220583936
2	1	430133401371168768
2	1	413538534021021696
1	1	438119886213369856
3	2	432587304087982080
1	1	419004791222587392
1	1	435194333797441536
2	1	413008287458541568
1	3	286872668609859584
2	1	420954483695173632
1	1	417362524720226304
1	1	296654124810903552
2	2	422920704397283328
1	1	306915963465506816
1	1	439654855695544320
1	2	430460565316571136
1	1	424368099110817792
1	1	423559291908272128
1	3	425081714252066816
1	1	313780142323425280
1	1	431266733069205504
1	1	434776519114629121
1	1	427583070217064449
1	1	416050771881250816
2	1	422013575318630400
1	1	421904234557095936
1	1	424413651345219584
1	1	430156475843878913
1	2	432755559301795840
1	1	438119527239655425
3	1	430747837572214784
1	1	425477454690406400
1	2	427542977821421568
2	1	427854136147591168
2	1	438905909528363009
2	2	296686545304428547
3	1	418988782294007808
1	2	422848966049284097
1	1	428391904418353152
2	1	425781377816993792
1	1	419518798564044800
1	4	291933722352173056
2	1	422994441423433728
2	1	422475840312455169
1	1	435090584928149505
1	2	432607896417746945
2	1	303628756025745410
1	1	438844883961266176
1	1	420952252199600128
2	1	415956837020618752
3	1	329084970826080257
1	3	438905108156272640
1	1	422588528346689536
3	1	422938776122306560
3	2	428034045017350144
1	1	425862689873620992
1	3	416803873496387584
1	2	342040843428962304
1	1	354622583569784832
1	4	291554080608903168
2	1	365532858464485376
1	3	365501364345905155
1	1	418511241376567296
1	1	432754548248035328
1	1	431945718454972416
1	1	436058916795867136
3	1	438365509453496320
1	1	281413551447490560
3	1	436289379188088833
2	1	418331747890110464
1	2	418290118454038528
1	2	439064435185836032
3	1	439257760106962944
2	1	422289662112043009
2	1	432258685570535424
1	1	436241856456699904
2	1	413382478603120640
1	1	294195443146047488
1	1	421723174619725824
3	1	423572975124639744
1	1	438494204902125568
1	1	418067833180782593
1	1	431430550251786240
1	2	427365102753300481
1	1	420443656814743552
1	1	355106779157377026
1	1	294577949372448769
1	3	437111897423216640
1	3	416002870643679232
2	1	436534611129016320
1	1	354332020089946112
1	1	437826035841658880
1	2	416452237444263936
1	1	422771804344573952
1	1	426226296960462848
2	1	431687104637054976
2	1	427995564068708353
1	1	425108862178324480
1	3	430157274372247552
1	1	436319577102753792
2	2	428327324186980352
2	1	416497381694111744
1	1	436043620324352000
1	1	432744456450629633
3	1	419522674323238912
1	2	306803407186980865
1	1	423326104548810753
1	1	436712118868381696
1	1	432611238724390913
1	1	437428843846975488
1	1	327135874859024385
2	3	435098113431183360
1	2	432899813391073280
1	1	436707778359332864
2	1	438125441975476224
2	1	426202542033211392
1	1	439417995094679552
1	1	436002232589250560
1	2	329701753828298753
2	1	341964550024859648
1	1	430574060590731264
1	1	425672094509068288
2	1	422279677734948864
1	2	421484324823654400
2	1	309420361567571969
1	2	435300468550430721
2	1	411961387699957760
1	4	288314642789457921
1	1	345250004522389504
1	1	432639073727946752
2	1	309383781868003329
1	3	288720462492606465
3	1	422288523060723712
1	1	292421767736205313
2	1	438237768645234689
1	2	352828486932627456
1	2	421149587168968704
2	1	286536906253160449
1	3	431814024699727872
3	1	432571176439648256
1	1	436393391010500608
1	1	418074918123622400
3	1	349526835761131521
1	1	420766675592413185
1	1	422134258367348736
1	2	435331393103491073
2	1	431204988396634113
2	1	428402561305935872
2	1	435879649671786497
1	1	428014069434421248
1	1	433993998823219201
1	1	435198935963942912
1	2	420321347399479296
1	1	422208680096854016
1	3	439938580463357953
1	2	435513446122004480
4	1	329821597974294529
3	2	403618447189229568
1	2	287032321218080768
1	2	425109636522319872
1	4	430574700129828864
2	3	434498942860939264
2	1	438709337960091648
1	2	438008453378736129
1	1	433654295372632065
4	1	403661346673147904
1	2	291673191900917760
1	3	422310990831566848
2	1	430496838446088192
1	1	304285788613529600
1	1	439807496538968065
1	2	281057261382684672
2	2	423545075625246720
2	1	433841770774794240
2	3	433098150463541249
1	2	428926893744590848
1	1	341658421281562624
1	1	416467687435698176
1	1	297105246591795200
2	1	309390447585923072
2	1	281860423710543873
2	1	426627631027453952
1	2	427988437405138944
1	1	431879442416164864
2	1	425179762269487104
2	2	428356002631520258
1	1	431300677068136449
1	1	422721684681273344
2	1	425099218844266496
2	1	426961688005324801
1	1	436042148526317568
1	1	419003970221117441
1	1	416005928320643072
1	5	426189761322045440
2	1	439045098936877056
2	1	425780369921552384
1	4	432614023264075777
1	1	412124998552145920
2	1	425483996504420352
1	1	438906589157019648
2	1	314451836566388736
2	1	296282263786758144
1	2	431980559842021376
1	1	420084066239533056
1	1	414176140383637504
1	1	428977049525829632
2	1	422194916014317568
2	1	422141066960068608
1	1	323826527064178689
1	2	428305731129835520
2	1	431269583497232385
1	2	440521175391682562
1	3	290858978815127552
2	1	406539248838262784
2	1	422851448682987521
4	1	416494920988258304
1	1	432028752390791168
1	1	308990748446060544
2	2	419008246850936832
1	1	427534834760556545
1	4	432028051258363904
1	4	440232049970929664
2	1	430386682857144320
1	1	276800365129760768
1	3	425619199524761601
2	1	417422200569085952
1	1	433666832843538433
1	1	422871189380288512
1	4	419003218790608896
1	1	439067249370886145
1	3	424759601930596352
1	1	398478268858261504
1	1	415934621818159105
2	1	293405000053440513
1	3	434143600201318400
2	1	426846325280227328
1	1	301790673177292800
2	2	425656249472925696
1	1	430763855124242432
3	3	420948550319472640
2	1	426189423990960129
3	3	415268608223105024
2	1	430057705810563072
1	2	416497248369770496
1	1	274663854728949760
1	2	421454677687812096
2	1	299001969748623360
1	1	429479332788977664
2	1	427604297702850560
1	2	432758202870927360
1	1	290986536579760129
1	1	298590556878168064
1	1	438119495614226432
1	3	435310591020769280
1	1	416336316641472512
1	1	439275534162223104
1	1	435861134231367681
1	1	432802534533500928
1	1	423535069244833792
2	1	426851098842787840
1	2	430370185489289216
1	2	416451344161976320
2	1	435890414583685121
2	1	288309464438829057
4	1	419522043038547970
1	2	355361867796971520
1	1	431185288715452416
1	1	434823578135982081
1	1	281860671740715008
1	1	432181383855734784
1	1	438125690710269952
1	1	437519370940473345
2	1	432642913713930240
1	1	435333153238966273
2	1	420772908684701698
2	1	419004099296653312
1	2	438524226987778050
2	1	431277319206891520
1	2	403897615252615169
1	3	417507041008046081
1	3	339439492211568640
1	2	435886986193166337
1	1	417165915932094464
1	2	413158266336583680
1	1	436408866155155456
2	1	423898402661748737
2	1	436767712107175936
1	1	424372429754859521
2	1	429293265100079104
1	1	421413516218613760
2	2	296330367537930240
1	1	426058373851652096
1	1	432027498579107840
1	1	309083908887171072
3	1	425146925222883328
4	1	432026905198346240
1	2	421678933856116737
2	1	428028109594431488
2	1	437659143487225856
1	2	429670749490536448
1	1	355416348970586113
1	2	429845167269359616
2	1	432728750279495680
1	1	436288484278423552
1	1	435178684341686272
1	1	439425152863207424
1	1	437323660911603712
1	2	392731674405916672
1	1	430793547667623936
1	1	410915611435216896
1	1	423856001054674944
1	1	436652504881704960
1	1	439967752921419776
1	1	284356780048404480
1	3	291715534754545664
1	1	430225714143432704
2	3	431206679875551232
2	2	429875646118912000
1	4	422937248196067328
1	1	438378885877882880
1	2	430506685459734528
1	1	428355843805831169
2	1	425748486462521344
1	1	296702389153579008
1	1	435992834726838273
1	2	294219073808646144
1	1	430704213388046336
1	1	428303944331194368
3	1	428630610232348672
1	2	326374900141002753
2	2	430490527713071104
3	1	426514295586029568
1	1	431205290394910720
2	1	433751441476292608
1	1	432227029862203393
3	1	440207087209947137
1	1	438556667114835968
1	2	319136215058223105
1	1	321684647257985024
2	1	428519182116745216
1	2	433789540369580032
1	3	418557168158126080
1	3	311265801879560192
1	2	427366155146108928
1	1	293171269862559744
2	1	428015382939439104
1	1	428363130662440960
1	3	339528890835935232
1	3	432610307446292481
1	1	355487077627994113
1	1	422969311225860096
1	1	416450881861591040
1	1	435092007719952386
1	3	423874454947504128
2	1	436414699110793217
1	2	431205832902971393
2	1	289186128819535872
1	1	327170577779539969
1	1	439066448086843393
1	4	416822829451976704
1	1	439661171260391424
1	3	438905475791212545
2	1	416277769555697664
1	2	430760917656039424
2	1	421351814802337792
2	1	419311858944720896
4	1	438121295029342209
2	1	423105686235406337
1	1	438776165453406208
1	3	431669398961528833
2	1	428624702072832000
1	1	431249372698148865
2	1	298826298913071104
1	3	436297729669484544
1	3	438867773796524032
1	2	417698016091725824
1	1	430149070913429506
1	1	275670718568607744
1	1	291653577582190593
1	2	337606228358352898
1	1	393030939351072768
2	1	434372007677816832
2	1	306780009283080192
4	1	426380902692696064
1	1	434986175640514561
3	1	439421315817021440
1	3	419605909317246976
1	1	432200799783878656
2	1	421158261862060032
1	2	425320351791185921
1	1	438696279753768961
1	2	436713572610342912
1	2	354295065465729024
1	1	291952866795585536
2	1	420320172843364352
2	1	434775606098530304
1	1	429802970193358848
1	3	287296438730383360
1	1	431980827103072256
1	1	281802440368611328
1	3	422281703994822656
1	2	276103228553297921
2	2	432761120894365696
4	1	427367030761598977
2	1	431272656504356864
2	2	433619546201546753
3	1	419002712659722241
1	1	428393059454177280
2	2	430336821705179136
2	1	425447990346514433
1	2	430966020375724032
1	1	438003895931908096
1	1	431875065865445376
1	3	293769469845729280
1	1	435943916546711552
1	1	432934072629751808
1	1	437999289940209664
3	1	413155742774861824
1	1	432576086321291264
2	1	427557086235357184
1	4	428650452540862464
1	1	429476944690688000
4	1	434925543268438018
1	2	430767311306231808
2	1	435975552374038529
1	2	425149594956095489
1	1	422284958179135488
1	1	403591164403539968
1	2	355054750036799488
2	2	423275482998509568
1	2	420946985315627008
1	1	433764222908899328
1	1	436563695112445952
1	1	421301965432188928
1	1	436992478265106432
2	2	424803964924604416
1	4	422939634700521472
1	1	418202754616545280
1	2	430210439041925120
2	1	423326501270876161
1	3	436991989620690944
1	1	301840184742391810
2	1	424270850171219968
2	1	422241613939630080
2	2	437658245058936833
1	2	432751822583787520
1	3	414675554978131968
1	1	352446386555465728
3	1	433065830390038529
1	3	284321550461702146
3	1	416469478399279104
4	1	434978783695630338
1	1	416283345056583680
2	1	415652450347909120
3	2	280087962631421952
2	1	413463176521330688
2	1	428402396864061440
2	2	289398175968686081
1	1	294195251143385089
1	2	426849819877847042
2	1	434546163082346496
3	1	428015498102452224
1	1	429782243062472705
1	2	434055789766922240
3	1	418317731058810880
1	1	425744643246919680
1	1	435855944887459840
2	1	428030587794759681
1	1	432026604219293698
2	1	424984215138992128
4	1	432588609053401088
1	1	432611611606384640
3	1	302124770307239936
1	3	289495242934218752
1	1	304701887305875456
1	1	428026136346759168
1	3	420026661078183936
1	3	432315429659213824
1	1	418327760138813441
3	1	432941037061812224
1	1	280801517345312768
1	4	426930347305996288
2	2	423284120802689024
1	1	428741482150125568
2	1	428032901364457472
2	1	296351390224220160
1	2	421498935216074752
2	1	432773242210615296
1	1	412277354971406336
3	2	434025266474532865
1	1	429877212569796608
1	2	425752793115140096
3	1	425494045641560065
1	2	415947790926106624
2	2	416804277097480192
2	2	429790492432547841
2	2	422877345737760768
1	3	425108799557365760
2	1	430505481778372608
1	3	436190483908268032
1	1	426189985448873984
2	1	341710336421941249
1	3	421454826531069952
3	1	425086255563427840
2	1	428659421015588864
1	1	428545334164201472
3	1	432588316571996161
1	1	418592569602236416
2	1	433636034501308416
2	1	411488684567834624
1	1	319850140888354817
1	1	298966246785957891
4	1	417420834785878016
1	2	440251832917434369
3	1	426228096816013312
1	2	425759696008802304
1	2	327506666390183936
1	1	437991333924319232
1	1	432766263450816513
1	1	434977112110276608
2	1	432571500592259072
1	4	437524244126130176
1	1	431878605732200448
1	3	417919087621074944
2	1	436562467850682368
2	1	417865041983971328
1	3	407731232374415362
1	1	365485557981265923
1	2	435981802428063745
1	2	433753196977086465
2	1	281512343479934976
1	3	420571827082366976
1	3	408033173553954816
1	2	428598287759708160
1	2	432164001016213505
2	1	430530745845559296
2	1	431563161368403968
2	1	427665098253926400
1	3	438723307861340161
2	1	334848329764728832
1	2	431253011709448192
1	1	329012619170181121
1	1	432556230163189762
1	1	431124234245373952
1	3	435454252417179648
3	1	427953239707754496
1	1	427340347472347136
1	1	311579962677280768
3	1	299653540664713216
1	1	425471399906394112
1	1	419010502669258752
2	2	425494580494995457
3	1	436042663695892480
1	2	438406066980679680
1	1	364420489596252164
1	3	433095075032080384
4	1	416813396789440513
2	3	435974965431504896
2	1	432420020610543616
3	2	431564024195477504
1	2	415989586741846016
1	1	278926155971706880
3	1	413015991279292416
2	3	425785161997770752
1	1	412480478344523776
1	1	390906066235432960
1	2	432178449508073473
2	1	413531551624744960
2	1	419721937686757376
1	1	281101970088001536
1	1	436222208130576385
2	3	418557121135783937
2	1	424585805257269248
1	1	295916486504108033
2	2	428028760592375808
2	1	276863741830782977
3	1	431270569862909952
1	1	437069724208209921
1	1	410913813639094272
1	1	425724330098835456
1	1	403881080257650689
3	1	430056364350914560
2	2	422892335370752000
2	1	424961074933157888
1	1	438135365015052289
2	1	433441177216372736
1	1	438307661889552384
2	1	329046113439076352
1	2	423152548342542336
1	1	436425640888131584
1	1	296315476596912128
1	1	432812323640590336
1	2	419725234447470592
3	1	437016310988296192
2	1	415595225747161088
1	3	424694982046273536
1	2	276780051037573120
3	1	299899709655498752
1	1	414061655048192002
1	1	429709113103089664
1	1	416801717557006336
1	1	298507231173943296
2	1	433655475050000384
1	1	286612640355196928
3	1	329031105388883970
2	1	302095883737112576
1	1	418334461495750656
2	1	422866204710023168
1	1	422993859379879936
1	3	415257042585001984
2	2	432764345957613568
1	1	421197162530107392
1	2	294480789775732736
1	3	350295583690469377
1	3	309736946060644352
1	1	426903785093337088
1	1	431270676461133825
1	3	326721862992293890
1	3	284025719959465984
1	2	436678086026096640
1	1	419623262541213696
1	1	432426689436467200
1	1	284063083314425856
1	1	296282182559862784
1	2	290892367781847040
1	2	438545217348575232
2	1	424990164033601536
2	4	433075121759072257
1	1	291708132927885313
1	2	427541679449452544
1	1	439249479942680576
1	1	432026786688286720
1	1	422853242700062720
1	2	413155394920263680
3	1	439836874564071424
3	1	415900649172111360
1	1	419377753025032192
4	1	412500887559348224
1	1	431313740043403264
1	1	422847558776410112
2	1	415276328657506304
1	1	297016120861396992
2	1	276093547273396224
2	1	437522288129224704
1	1	439245494355632128
1	1	434783264029429760
1	1	434048335637254145
2	1	423999254114234370
3	1	306457225940062208
2	2	435192169763049472
2	1	423182395538698240
2	1	436898752180125696
3	1	422285755738636288
2	1	350217888059244544
1	1	311895928552435712
1	2	428701017195032577
1	2	435335939204730880
1	3	438840338782752770
1	1	432751639657586688
1	2	432422758987743232
1	2	428009075993870336
1	1	276037697880092674
1	3	354965799938703362
2	1	423530409209516032
2	1	437514117683765248
1	1	431568561916485633
1	2	422877719777390592
1	1	422899664673710080
2	1	435190678176268288
1	1	418347147709255680
1	1	289766663400857602
1	2	415696453105766400
3	1	425122700193845248
1	1	425825109371138048
2	1	424297339453337600
1	1	287277087948161025
1	1	434180950553948160
4	1	440221262166491136
2	1	425699683613171712
1	3	433752465045864448
1	2	429864945136570369
1	4	424053389203238913
1	1	437512237830254592
1	1	437513782303027200
1	1	429362818584825857
1	1	291999163384733697
2	1	435306768646680576
1	2	425478532320354304
2	2	431628266743410688
1	1	438533884582453248
1	1	421484393509572609
1	1	432568694485422080
2	1	431643077371899906
3	1	437137992763707393
1	1	430492269938880514
2	1	435806346701598720
2	1	304317862091296768
2	1	435315282353999873
1	1	431473427501699072
2	1	437321630126047232
1	1	437320722180874240
1	1	418181653203140609
2	1	422439436014481408
2	1	433047426946310144
1	5	422964314505375744
2	2	430525956877328384
1	1	416007120572518400
2	1	429123604739932160
1	1	433820370760507392
2	2	415955032995934208
2	1	409801096140296193
1	3	418516415184781312
1	3	432816503864320000
1	1	424463101660905472
1	1	432785884614635520
2	3	431658855022338048
3	1	423885365233995777
3	1	280796767451234304
1	1	430856910363844609
1	2	439807453438296065
1	1	437833864652652544
1	1	416045489776119808
1	1	430924971276115969
4	1	432028404330663936
1	1	420273908550344704
1	2	434171651781951488
1	1	440238705228255232
1	4	429819266993754112
1	2	345578606405242881
1	2	436408280391245824
1	2	435307768451330048
2	2	422315099575959552
1	1	416061931317784577
1	1	430214086287056896
1	1	436289768243335168
2	1	433625603682496513
2	1	425457884294414336
2	1	301861880346062848
2	1	432762309539155968
1	1	418319320020557824
1	2	355379017756577792
1	1	430351210655121408
1	2	437019481139732480
2	1	428354694830780416
1	1	420015702041305088
1	1	430445027580313600
2	1	422608618890870786
4	1	431894250108645376
1	1	419516050439282688
3	1	428306910429708288
1	3	306119637811216384
2	2	428394523064934400
2	1	299314349263167488
2	2	436190071025192960
2	1	306911251798315009
1	1	440234186058637312
2	1	422424486227357696
1	3	306872084313825280
2	1	309009490731233280
1	1	423118261312438272
2	1	440251285929873408
1	1	429876402104463360
1	1	430494766539620353
2	1	417470178998231040
1	2	296022679100739585
1	2	423118068017922049
1	1	437483519141359616
3	1	430496200081428480
1	1	423360688501686272
2	2	415947492228730880
2	1	430329594739048448
1	1	421185137108217856
1	1	426870068538904577
2	1	432766469311438848
1	3	418078458653048832
5	1	436368455726419968
2	1	304374148191367168
1	2	329754185757237249
1	1	421152356449783808
2	1	438040628375478273
3	1	418056749321428993
2	1	427202579915735041
1	2	426207960625188864
2	1	428763254110707712
1	2	421151011927883776
1	2	276743697142530048
3	1	288350120175607808
3	1	288774537573707776
2	1	433986679313936384
1	1	436004648025985025
2	1	427140345541832704
1	1	280813037747855360
2	1	422298899550707712
2	2	347064405772627968
1	1	422208729035968512
1	2	421904391340183554
1	5	430728002884759552
1	1	411180301784604673
3	1	417726247850872832
1	1	418988648197931009
1	3	423476257783701504
1	3	434182791509467136
1	1	313710185757691905
1	4	424361237867024384
3	1	434171143461675008
1	1	430965687528353792
1	1	436538719038742529
1	1	276857782135820288
2	1	438014327132794880
1	2	422989376893644801
2	1	426197829602643968
1	2	437676577703223297
1	1	439836705361653760
3	2	422626612295655424
1	1	288789648870866945
2	2	403286853131853824
1	1	432643033692004354
1	2	341983011937587200
1	3	429118797899763712
2	1	432315813052162048
1	1	416470518917636096
2	1	436197595463966720
1	2	417142488172728320
1	1	436713167402438656
1	1	432182619367669761
1	2	422283010658942977
1	2	289393651761692672
1	2	301919924698365953
3	1	409192850740367360
1	1	428583343475531776
1	2	417690863653773313
2	1	415183091829727232
1	2	425983084874723328
1	1	430049102253268992
1	1	421904717254389760
2	1	412033415425187840
1	3	422874472383655936
1	1	289185948124708865
2	2	414016086065942529
1	1	413006488215756800
1	1	425382739114594304
1	2	430135720162779136
2	1	430036052834025472
1	1	437321874859495424
1	1	417150297278935040
1	1	439419236608270336
1	1	431624849543270400
1	1	413006026900652032
1	1	433077292684697600
1	1	416642878245335041
1	1	291618189589241856
1	1	436424163842985984
3	1	426801788151291905
1	1	438295911655956480
2	1	416469647689793536
1	2	275724602808877056
2	3	408081910414311424
2	3	418944276936921088
1	3	427649174012575744
3	1	276030077169446912
1	1	422138352184201216
2	1	425183200386641921
1	1	420768457412448256
1	1	276762729128284160
3	1	291691763792506880
4	1	341585699067285505
3	1	417924443902464000
1	3	432409328004259841
1	1	434545886719672320
2	1	298540439328399362
1	2	431618833619496961
1	2	291916426304946176
1	2	431856059213299712
1	1	440219966046883840
1	2	303587778640371712
3	1	301451168410898432
1	1	275759284539760641
1	1	420037323795873793
1	1	433135198767964160
1	1	416282445206388736
1	1	308666210814406656
2	1	276821019753324544
1	1	434372178184638465
1	2	437849059898834944
3	1	410126815496531968
2	1	423277143972274176
2	1	426398372254064640
1	2	311878467803287553
3	1	428671734137360384
3	2	425500739167715328
1	2	425317343774777344
1	1	424976219117867008
1	1	275742297939931136
1	1	428037848659263489
1	1	434776783070560257
1	1	439651809599045632
1	4	410839634608795648
3	1	431270560182845441
2	1	432768178842644481
2	1	311478435543396352
1	3	291263080363597824
1	1	435988442795614209
1	1	300991533669302272
1	1	428027113371729921
2	1	437018786462322688
1	1	435811727393841152
1	1	286943865162838016
2	1	424587409209057280
2	1	429783147425710080
1	2	425333778676858880
4	1	424013592032079872
2	1	431630743370858497
2	1	409847477441802240
1	2	424365708382707713
1	2	275732718870994944
1	4	433046226141843456
2	1	428579900165877760
2	1	415632845491544065
1	2	286890200221745153
2	2	419216117551222784
1	1	439064819925131265
1	2	435798225253957632
1	1	437320832629485568
2	2	432026447784337409
1	1	424050571394289664
1	1	314403567287025664
1	1	417340996179873792
1	1	286569392966348800
1	1	425458531249041408
1	2	406228229855277056
1	2	427698107438993409
1	1	437454262348443649
1	1	296393356509061120
1	2	327487194065408000
1	1	422633659527479297
2	1	431668677260214272
1	2	423092429445545984
2	1	438125839977177088
2	1	418347538484191232
1	1	434544837279236096
1	1	327560176687263744
1	1	431434030722990080
2	3	408791905447604224
1	1	304317373148708864
2	1	410917729189634048
2	1	423221517707530240
2	2	353295830234562562
2	2	418942707839414272
3	2	436350670845648896
1	1	430213904967290880
2	2	431829231983529984
1	2	420769542659252227
2	1	423096003588157440
1	2	433720537097830401
3	1	412116329924026369
1	3	415721173272391681
1	2	437974300637683712
1	1	412781760829587456
2	1	428031144106274816
4	1	430548353999306752
1	1	418369338811236352
1	2	295955202786349057
1	2	416707676739874816
3	1	423516769462927361
4	1	426812889467346944
1	1	415956692803661824
1	1	422848291865231360
1	4	422869073043537920
2	1	418528236335661057
1	1	303929548062478336
1	1	430540707774750721
1	2	434814130902425601
2	1	431127584659632128
2	1	420462722791120896
1	1	436287036052746240
1	1	293583323090018307
1	1	418986004058365952
1	1	439841628987994112
3	1	425496448545730560
1	1	431971582156627969
1	3	281478966940950528
1	3	431107673686540288
1	1	298818983367426048
1	3	290966557444698112
2	1	422551228803862528
1	2	437520669757026305
2	1	429115382889066496
2	1	436734302953299968
2	1	433820800173355008
1	2	291558115214774274
1	1	437020599789961216
1	1	438905857716137984
1	1	418995301546872832
2	1	438861563806482433
1	2	425752304302559233
1	1	436561097538011136
1	1	435096178862993408
1	2	421433322959409153
1	4	418058010418618368
1	1	427626682208378880
1	1	436164337455988736
1	1	436401666032545792
1	1	429417512019976192
1	2	432572874314895360
1	1	294574096321224704
1	1	297087826460303361
2	1	432763986300239873
1	1	423840942366289920
1	1	425471087355260928
1	1	422849144269463552
1	1	438126564975185921
1	2	431553631125794816
1	2	432351576166899712
1	1	306573384953769984
1	1	298824111227027456
2	1	393051817866567680
1	1	416449643170394112
1	2	438122600498077696
1	1	294645936213344260
2	1	426567246438088705
1	2	327203644569174017
1	1	425107697910808577
2	1	422512680411607040
1	1	313759928571551745
2	1	435983788733001729
2	1	274664233835323392
1	3	423529880953683968
1	2	431104477509472257
2	1	301909744908656640
1	1	422609636651302912
2	1	418829960531292160
1	2	413478031890464768
3	1	420303478788194304
1	2	435512783925305344
2	2	430541837162389506
1	2	323842227606519808
2	2	433844819366920193
1	2	425106673863118849
1	1	435853140168957952
1	1	431182099584790528
3	2	430704015710490624
1	1	437686742095626240
1	1	422864198066917376
1	2	278979052986044416
1	1	438050440643506177
1	1	437478695532380160
2	1	427617389803360257
3	1	432772825129033728
1	1	432716209469943808
1	1	416025299399094272
1	1	435104158949965824
2	1	326394343973863427
2	1	309390598132080640
2	1	298950991296987136
1	1	438000718021029888
1	4	431959681490092032
2	1	428010121193459712
1	1	440219299181887490
1	2	439418864628432896
1	1	417420474067320832
1	1	432319889559134208
1	2	427556703496728576
2	1	438002254474260480
2	1	428355680903245824
3	1	425473090106052609
1	1	339454915074199552
1	1	438143393646907392
1	5	412305636311842816
2	1	421888600276353024
2	1	421716874141777920
2	1	431472817301770240
2	1	418172955030339584
1	1	413370651341123585
1	1	427542670945157120
1	1	278887251314884610
1	3	412396409946513408
1	3	288672997240360961
1	1	428742362999685122
2	1	436563068391137280
2	1	438097257728974849
1	1	417423262860058624
1	1	296816102330220544
1	1	431328195120340992
1	2	311963823248654337
1	1	435321332675276800
2	1	436908565714837504
1	1	303909560555544576
1	2	347357008560787456
1	2	428386136923193344
2	1	288755341313851392
1	1	422299377810427904
1	1	397511172737351681
1	1	422504116506472448
1	1	422551409964236800
1	1	422947757276418048
1	1	411400401565384704
2	1	437513064204627969
1	1	301860217325486080
1	3	436905512211193856
1	3	427487551620796417
1	3	423508450610405376
1	1	440269727940608000
1	2	437826512415252480
1	1	420664168778178561
2	1	413687368760041473
1	1	430525592694304771
1	1	435888933793054720
1	2	434692583587971073
1	3	426206868180967425
1	2	306439271349358593
1	2	436422713834348544
1	2	309384334211690496
1	2	419897997120385025
2	1	428328151878348800
1	3	289429304843046913
1	1	416013969015320576
2	1	400855393573675008
1	2	426190668357042176
2	1	438102917493452800
1	2	425471680018784257
1	2	423478735191281664
1	1	435803964399812608
1	1	287227582829690881
1	2	438854194124959744
2	1	427154620117299200
2	1	422134885831032832
3	1	425180107108384768
2	1	432634822465294336
1	1	432750295643205632
1	1	431877186123874304
1	1	423170731195637761
1	2	419002463232868353
1	1	298555768171544576
1	2	278204029467774976
2	1	417823928396947457
2	1	438006773677432832
1	1	437301726593294336
1	2	418998781867081728
1	1	439275371536457728
1	2	433674361250136064
1	1	414213488857600002
1	1	429455839150092289
2	4	426207701685637120
2	4	423518112428748800
1	2	427628001560244224
1	2	411337640097480704
1	1	416373701454479360
1	1	425469749166751744
2	1	425486475765895169
1	1	421308829930749952
1	1	339491167412551680
1	1	437617801465851904
1	1	292421465624702977
1	2	427660552890884096
3	1	298486903513165824
1	1	424463757092192256
1	1	432704260258533376
2	1	422865252426842112
1	1	431878454628188160
1	1	304385000718098433
1	2	415954906655109120
1	1	436557265533820928
2	1	426039580614078464
1	1	431888329043218433
1	2	427848113173184512
1	1	296721439556526082
1	1	417151033811689472
2	1	432794925919244288
2	1	422974716555456512
4	1	422847473485221888
1	2	299583601782181890
1	3	435329170403381248
1	1	425770489210875904
1	1	302173900589125633
1	3	436347203003498496
2	1	416448976632557569
3	2	412356217755824128
1	1	309789287019319296
1	1	439960871498821632
2	3	435973720046190592
1	1	437719360791007232
1	3	298638452751212546
2	2	425483259078639616
2	1	421710457334804480
1	3	355467375354724352
1	1	422742584100790272
1	1	418079901602697216
1	1	430502436667539456
1	1	430219500709879808
1	2	416018530207682560
2	2	414515292984049664
1	1	437647071219154944
2	1	432426276649828352
1	2	428586950522458112
2	1	437317457020059648
1	1	432700496676024320
1	1	423371780242173952
1	1	431277862922895360
1	2	411348480620126208
1	2	403645727684820992
3	1	350614836738134019
1	3	426599020048302080
2	1	433100895719403520
2	1	430127354866708481
1	1	426708971571777536
1	1	431441721981804545
1	1	423133080056893440
2	1	435094000995799042
1	3	291243800834224129
1	1	439148463494660096
1	1	293583119112605697
1	1	432787763931271168
1	1	352914421602979841
2	2	323857365466222592
3	1	304333849062678528
1	1	281800411348869120
1	3	422877028254109696
1	1	293374620600512512
2	1	434543522767585282
3	1	440383214410932224
1	3	428033391850569728
1	1	423890479374032896
2	2	436766970940121088
1	1	437271990563377153
1	2	424583236568633344
1	3	420999006341586948
1	1	437316441432268800
1	2	438894655262834688
1	2	284045520790503424
1	1	432389025307971584
2	3	424053927626018816
1	1	431463956238970880
1	1	431874500796223489
1	1	314036664156708864
1	1	437447710677807104
1	1	311228392672468993
1	1	308590184545529856
1	1	427991871642542080
1	1	420015646475169792
1	1	431633844282736641
1	1	433633566694465536
1	3	416008704626937856
1	1	301385493541695490
1	1	433642396434173953
1	2	433280281043161089
2	1	322144333220417537
1	1	422871245885960192
1	1	428024506079129600
1	2	429278156227227648
1	1	415983909940101120
1	1	414062959824879616
2	1	438901634878672896
2	2	419604645745414144
2	1	435653418925846529
1	1	433092798854623232
1	2	298843574206881792
2	2	414677073832079360
1	4	417919373597503488
1	1	295939663468838912
1	2	426850606842523649
1	3	318792411142815745
3	1	308703727219523584
1	1	419684236010868736
1	2	415792017243779072
1	1	347096754367385600
1	1	319205464602730496
1	1	421816874242813952
1	1	319517025485606914
1	2	430835077946146816
1	1	436408687737856000
1	2	297068098073272321
2	1	424430095885824000
1	1	418174020979150848
2	1	341306910206738432
2	1	288723958726000642
1	1	424971526203383808
2	1	354279697766563840
1	1	355397400707334144
1	2	431253498823311360
2	1	429760154083418112
1	1	281159361844355072
1	3	425115679520350208
1	2	316602455066570752
1	2	307266318539816960
1	1	435090011982012417
2	1	420079921805791232
1	1	425784058354745345
1	2	434446859700953088
2	1	422291600602324992
1	1	435827158791901184
1	1	434771908282699776
1	1	281158890933084160
2	2	426794678759878656
1	1	302154227969564673
2	1	425481389291470848
1	1	435873987386568704
2	2	420945599081349120
1	2	290209720344657921
1	1	440220528389799936
2	1	345339275342123008
2	1	296372316198301696
3	1	430509347882299392
1	2	329718608194306049
1	1	431271850128465920
1	3	437058781197762561
1	3	432556058855235584
1	1	420935891603824640
1	1	435964261848735744
1	1	414910335552733185
1	1	425460338146803714
2	1	430718003265552384
2	1	432995409745547264
3	1	418157853950480384
2	2	433968451640500224
2	1	438938643692924931
1	1	288684619891613697
2	1	414241038216077312
1	2	328227243484667905
3	1	428017527373848576
1	2	426742968217645056
2	3	433070198619250688
2	1	431624668030980096
1	1	408735638708428801
1	1	432355287878467584
1	1	434846719776272384
1	1	432587930859622401
2	1	425110154527264768
1	1	334691362710630400
1	2	424403294228717568
2	2	329064986506829824
1	2	350354786442424320
1	3	416011277761122305
1	2	311528747771756544
2	1	431617269815181312
1	1	437258408303931393
1	2	424035139862032384
1	1	354984164816203777
1	4	418173890074910720
1	3	428032769625583617
1	1	428697130845237249
1	1	437485500727693313
1	1	423128981773119488
5	1	425110714399727616
1	1	426848411564769280
1	3	422778933071736832
1	1	276021321022984192
1	1	418347443906805760
1	2	435887770993586176
2	1	438124598651920384
2	1	423994102728769538
1	1	350634121107750912
2	1	422274888972263424
1	1	291190135230455808
3	1	434611255127470080
1	1	303944716838383616
4	1	415700121028816896
2	1	425454167281258497
1	1	424364745232117760
1	2	432575995418132480
1	3	415545495075831808
1	1	423098338209054720
2	1	422549238967316480
2	1	364823513573502976
1	1	417692601760763904
1	1	431840477210357760
2	1	432726891578273792
2	1	430158175510073344
2	4	419356030519111680
1	2	430154602483159042
1	1	430737629533835265
2	1	429470412234174464
1	1	319206034851917824
1	1	417695168284725248
1	1	418500109047824385
1	1	337624245385433088
2	1	410913071318568961
2	1	437977156262432769
1	1	431261339731128320
1	1	440220347355262976
1	4	430504826133159937
4	1	289045293603905536
2	1	418349797662146560
2	1	436406277594300416
1	1	436286157627080704
1	3	418998775869214720
1	3	418959034566184960
1	4	432569958371823616
1	2	296127655076564993
3	1	417726395637182464
2	1	425126688536535040
1	1	329136495543848960
1	2	428906472697638913
1	3	431313697420873728
1	2	414514766938263552
1	3	278944359016173569
3	1	413789572049281024
2	3	422280315545976832
2	2	281859052391239681
2	1	434361418561773568
1	3	296995050569748480
1	1	423542554953392129
2	1	431626559657484289
1	1	429105212326805504
2	1	299619618308358144
2	1	437744769695895552
1	1	303892586144346113
1	1	327154430808043521
3	1	434515462873817088
1	1	436706771449544704
4	1	426382092952272896
1	2	420947871274242048
1	3	426223999341703168
1	1	400732753244594176
1	3	424412528303546368
2	1	427618925094764544
1	1	289185701776474113
1	1	293439809324740608
1	1	431456529254866944
2	1	425465133389709313
1	2	286923578413293568
2	1	432613088857038848
3	1	425458874343120897
4	1	435091574003736576
1	1	434983757645238272
1	1	424829656991166464
1	3	426762207758524416
1	3	311169538538475521
2	1	327188554679742464
3	1	436324700109537280
2	1	435916157770420224
1	1	433439548899459073
2	2	301455154291564544
1	3	423479381722267649
1	1	430548810402521089
2	1	419004552763822080
1	2	426478472253284352
1	1	425333311511076864
2	1	408792456692396034
1	1	428917769518596096
3	1	425451314634436609
2	1	421875820492115968
2	1	284341243356524544
1	1	432750373862793216
1	2	418981808328306689
1	1	278643245918085120
1	4	433101187336777729
1	2	350335491700297728
3	1	440222558349041664
1	1	438049315458543616
1	2	416809457562042368
2	2	422992747079798784
1	3	318807898396438529
1	3	314453724674277377
2	1	430121261151166464
1	3	436892800706048001
1	1	416784516074573824
2	1	426515049310846977
3	1	420769761803255810
1	1	339509990043832321
1	1	428004229127483392
1	1	430405078441152512
2	1	367292474655375363
1	1	430766304786522112
2	1	421770826489147393
2	1	419004333196206080
1	1	426847095903879168
1	1	431289671164104706
1	1	355021419643547648
1	1	401008373518196736
1	1	418467230188199936
1	2	423535696242950144
1	3	410236301095358464
1	2	416810404216438784
1	1	420655920243150848
1	2	436054173235163136
3	1	329734210443173888
1	3	439537310049128448
1	2	431878652628725760
1	1	433408685612998656
1	1	435319566286073856
1	2	426565508880560128
2	2	429101946553638913
1	2	418172659264790528
1	1	425464497097043969
2	2	432574053992255488
1	2	289444513724919809
1	3	426755970497122304
2	1	433661599836930048
1	2	440370287603761153
3	1	427102424537374721
2	2	419604265447878656
1	1	299309457752612864
2	1	276030773381959680
1	1	435588609018576896
1	2	289027960114126848
1	1	431256910550282240
1	1	437279313428094976
1	2	290909335524110337
1	1	311194420869488641
1	1	434105144225968129
1	1	430549366672089088
1	1	439242392915304449
1	2	429638022225604608
2	1	421152589569208321
1	1	424360269775511552
1	1	422855873304604672
1	3	307232523778396162
2	1	431633439767265280
1	1	421904346054279169
2	1	301459190352842752
2	1	425378346554236928
1	3	431449930045997056
3	1	425462768968298496
1	3	422284716666920961
1	1	303656633811214336
1	1	281415040052129792
1	1	324210946807562242
1	2	425109249299980288
1	1	429465963340115971
1	1	289015956594909185
1	1	355324117404221441
2	1	364842450767986690
1	1	337752469545304064
1	1	420952970876813312
1	1	434545694318153728
1	2	426157778726813696
2	2	420361473093689344
1	2	423523294617550848
2	1	438507782291988480
1	1	431843901838610432
1	1	438015371782533120
1	1	436707708356423680
2	1	423112544392212481
1	1	428739697234305024
1	2	296349183726739458
1	1	432757701592879104
1	1	416008032410017792
2	1	435861378440511488
2	1	349538564826087424
1	3	428155774968160256
1	1	431840713853001728
1	1	422853525253521409
1	1	354313787400126464
2	1	431630383356993537
1	1	423195432697602048
2	1	418290698345914369
1	1	427993596336168960
2	1	436623753901248513
1	2	402328950640111616
3	1	427584449887215616
2	1	428692864369840128
1	1	439961799324999681
2	1	308432522302345216
1	1	303872422032072704
1	1	432911729945608194
1	1	423109479459078144
2	1	425131199233667072
1	1	291991701353033729
1	1	329682010337587200
1	1	311178112547299328
2	1	430329487692017664
1	2	286589125749002240
1	1	414779791506558977
3	1	429868778537500672
1	1	433657724815962112
1	1	276028352366788608
1	2	428668844622639104
1	2	287031787291557890
1	1	427476806627635200
1	1	435802506166153216
1	1	432641887401279488
3	1	426348888467832832
1	2	421151643099336704
1	1	437612875906289664
2	1	433727198692790272
1	1	428305405874167808
1	2	314087347677446145
1	1	435187744143192064
1	1	431854911416848384
1	1	419620312020316160
1	1	432337229218734080
1	1	416804947540185089
1	1	421769930652921856
1	3	427884486068830208
1	1	436634556402114560
1	1	278627057892720640
2	1	436237446238318592
2	1	354259757676244993
2	1	299276439071629313
1	1	432755102533697536
1	2	428691102342725632
2	1	422761817400549376
2	2	436128121977180160
1	3	291227554227032064
1	1	426380575482445824
2	1	430521410482884609
1	1	432939875004719104
1	1	430436053124530176
1	2	416449312583733248
2	1	433674505341239297
2	1	426189900900098048
1	1	425658225745080320
1	2	431463306197348352
1	2	312221555440644098
1	2	435929606013452288
2	1	436544328500916224
1	1	293582856977002496
1	1	434539279943876608
1	1	416011244194103296
1	1	413526203359051776
1	1	275654281472921600
1	2	414679810665758720
2	1	296606867642273792
1	1	434852595178278912
1	1	280830471078805504
1	1	431880597133197312
1	1	291598005646282752
1	2	417776002865975296
3	1	433105732817285120
1	3	432769329076006912
1	1	397742040512884737
1	1	420084474567618561
1	2	329788617197248513
3	1	420742228022013953
2	2	319191171794616321
2	1	425780123799810048
2	1	302166322178039808
1	1	433290538779807744
2	3	437825101963087872
3	1	431985342564950016
1	2	398480910011473921
1	5	427375362629046273
1	2	431059296642531329
2	1	296610395207135232
1	3	435977909069570048
1	1	431616572969320449
1	1	437837435121049601
2	1	428033418505777152
1	2	432371521776922625
1	1	421048351182696448
1	2	276836826499674112
1	1	414909419961344000
1	2	304649240712462336
2	1	425664404634341377
1	1	428354532557332480
1	1	423133471305760768
2	2	349944850117955584
1	4	430227438757359616
1	2	329806148461002752
1	1	281409139215835136
1	1	429875095100600321
2	1	420312339712204801
1	3	433090834968215554
1	1	295939888803635200
2	3	431275829591805952
3	1	417920718018318336
2	1	430119788455538689
2	1	433691286889963520
1	3	419898176762421248
1	1	431857371044802560
1	1	415216734216257536
1	2	437320468777799680
1	1	354638598118711297
3	3	350392936510394368
2	1	430570640987258880
1	2	434814541281497088
1	2	433621205145231360
1	5	433101980521607168
1	2	293582210861264896
1	2	419343913619451904
1	1	327220851332227072
1	1	435516102496382976
1	2	439401653427380224
2	2	431636909190701056
1	3	436550359654227968
1	3	278192475494035456
2	1	435338269375479808
1	3	276070822962143234
1	1	430155002082893824
1	1	432344019213885440
1	1	438122179427725312
2	1	296770405539139584
3	1	316240851498070016
1	2	429496185192075264
2	1	436506150591160321
1	1	431631157612924930
1	1	299175635002216448
1	1	421711570234667008
1	1	433737973616496641
1	1	439214689642242049
1	1	425108569269493760
1	1	436603860275044352
1	4	430199651686285312
1	3	407763909081182208
2	1	425476407146602497
2	2	427989132510392320
1	1	431994772908040193
1	1	437486952489549824
2	1	419601630560919552
2	1	408091627513597953
2	1	422432496408481793
2	1	422988574943084544
3	1	412353925782593536
1	3	424034528240209920
2	1	308719351463305216
2	1	416047373526110209
4	1	341674269153050629
1	1	424944621630672896
2	1	429841499887374336
1	1	417691401137455104
2	3	422940331672621056
1	1	425709348816314368
3	1	417924952503754752
1	2	429363107048071168
1	2	423840339485401089
1	1	437999368482738176
1	1	432785555688931328
3	1	425110513719062528
2	1	302098404576743424
2	1	280081822531080192
1	1	438325519361126400
1	2	432218599411834880
1	2	424411282431676417
2	1	438146721114103808
1	2	434455678527098880
1	3	422864307076878336
1	3	415897883880083456
1	2	423121685622312961
1	2	428306060907003904
1	1	425106855514234880
1	1	293379031729070080
1	1	424576532992913408
2	1	434767002100441088
2	1	433823635015344129
2	1	434984146511740928
2	1	317323098816917504
2	1	411920956009881600
1	1	420944629429575680
1	1	432615210587652097
1	1	432753312903868416
2	1	437333638972456960
1	2	298863175577788417
1	2	428394333968932864
1	2	437093888965095424
1	1	438094081340616704
1	1	432301964869640192
1	1	421723245801263104
1	3	432918761146834944
2	3	432000485751398400
1	1	429466917787553792
1	1	354738137509019652
3	3	432578417267974144
2	1	281861006433595392
3	1	416498159213244416
1	1	438020400979513344
1	1	431891304994193409
1	3	424481808353210368
1	1	288368122401009664
1	1	432027690124591104
1	1	439159019979411457
1	1	425464747945783296
1	1	426438252044632064
1	1	281408387688841216
2	1	432395357964623872
2	2	279280379679096832
2	1	439389994147274752
1	1	429668228667682816
1	3	439035579590647808
1	2	432696893831782400
2	1	433134380769239040
1	1	437746496679604224
2	1	439674716748795904
1	2	416285616502878208
1	1	429455889469153282
1	2	432028689497194496
2	2	286614381381423104
2	1	429121024404094978
1	1	426557961205338112
1	1	439072369949167616
1	2	418621422273953793
2	1	403611341488783360
2	1	436966644204974080
1	2	432866979548897281
1	2	422798971736563712
1	4	428072124528332800
3	1	431299728848846848
1	1	431576104348835840
2	1	298912601839128576
1	1	438374591619006464
2	1	430569240786006018
1	1	284078438275485696
1	1	418548494920478720
1	1	290148686334414848
1	1	416012394943369216
1	1	420259286363541504
2	1	436557780242423808
1	1	289065453911932930
2	3	430542652639956992
2	1	438468711842717696
1	3	434534054549917696
1	2	403630130397868032
1	3	432742204906303489
1	1	319867880969740288
4	1	433064470982565889
1	1	429004202270916608
2	1	298499150583046144
1	1	431632462070816768
3	1	419313360245501952
1	1	423495761645428736
2	1	301033019723112448
1	2	419516077798744064
